# GIMP colorrc
# 
# This file holds a list of recently used colors.

(color-history
    (color-rgba 1 0.70980392156862748 0.082352941176470587 1)
    (color-rgba 0 0 0 4.6663334727187359e-310)
    (color-rgba 0.72727272727272729 0.097620500305064084 0.41464819500206923 1)
    (color-rgba 0 0.13056873196733351 0.93356643356643354 1)
    (color-rgba 0.75874125874125875 0.10693668747360024 0.10693668747360024 1)
    (color-rgba 1 1 1 1)
    (color-rgba 0 0 0 1)
    (color-rgba 1 1 1 4.6813366587571312e-310)
    (color-rgba 0.69580419580419584 0.69580419580419584 0.69580419580419584 1)
    (color-rgba 0.72727272727272729 0.37501973316494369 0.097620500305064084 1)
    (color-rgba 0.4270896888346552 0.62319254875691732 0.63636363636363635 1)
    (color-rgba 0.027455765710799305 0.64063453325198327 0.68181818181818188 1)
    (color-rgba 0.35294117647058826 0.043137254901960784 0.039215686274509803 1)
    (color-rgba 0.82167832167832167 0.18749706669169758 0.45358710374902206 1)
    (color-rgba 0.36431689116252874 0.37514920898316023 0.40209790209790208 1)
    (color-rgba 0.1844464260571643 0.26288990026259451 0.45804195804195802 1)
    (color-rgba 1 0.70980392156862748 0.082352941176470587 4.6817643131178195e-310)
    (color-rgba 0.15686274509803921 0.17254901960784313 0.20392156862745098 1)
    (color-rgba 0.6705882352941176 0.69803921568627447 0.74901960784313726 1)
    (color-rgba 0 0 0.0078431372549019607 1)
    (color-rgba 0.792156862745098 0.015686274509803921 0.015686274509803921 1)
    (color-rgba 0.28627450980392155 0.35686274509803922 0.65490196078431373 1)
    (color-rgba 0.16862745098039217 0.18431372549019609 0.43529411764705883 1)
    (color-rgba 0.14117647058823529 0.14901960784313725 0.38823529411764707 1)
    (color-rgba 0.78823529411764703 0.82352941176470584 1 1)
    (color-rgba 0.82867132867132864 0.82867132867132864 0.82867132867132864 1)
    (color-rgba 0.38111888111888115 0.38111888111888115 0.38111888111888115 1)
    (color-rgba 0.14335664335664333 0.14335664335664333 0.14335664335664333 1)
    (color-rgba 0.14509803921568629 0.14509803921568629 0.14509803921568629 4.6767739008884339e-310)
    (color-rgba 0.75874125874125875 0.096752241047543097 0.096752241047543097 1)
    (color-rgba 0.87062937062937062 0.12854930304594736 0.12854930304594736 1)
    (color-rgba 0.16470588235294117 0.16470588235294117 0.16470588235294117 1)
    (color-rgba 0.29694466607218284 0.32298895291851082 0.39860139860139865 1)
    (color-rgba 0.15724665816185035 0.28846500289478511 0.66942148760330578 1)
    (color-rgba 0.76923076923076916 0.76923076923076916 0.76923076923076916 1)
    (color-rgba 0.52097902097902105 0.52097902097902105 0.52097902097902105 1)
    (color-rgba 0.18531468531468531 0.18531468531468531 0.18531468531468531 1)
    (color-rgba 0.45804195804195802 0.45804195804195802 0.45804195804195802 1)
    (color-rgba 0.88627450980392153 0 0 4.6833374467283261e-310)
    (color-rgba 0.88461538461538458 0 0 1)
    (color-rgba 0.57692307692307687 0.57692307692307687 0.57692307692307687 1)
    (color-rgba 0.10588235294117647 0.10196078431372549 0.094117647058823528 1)
    (color-rgba 0.28235294117647058 0.21568627450980393 0.17647058823529413 1)
    (color-rgba 0.45104895104895104 0.45104895104895104 0.45104895104895104 1)
    (color-rgba 0.57342657342657344 0.57342657342657344 0.57342657342657344 1)
    (color-rgba 0.94214876033057848 0.94214876033057848 0.94214876033057848 1)
    (color-rgba 0.7803921568627451 0.0078431372549019607 0.0078431372549019607 1)
    (color-rgba 0.73553719008264462 0.73553719008264462 0.73553719008264462 1)
    (color-rgba 0.7803921568627451 0.0078431372549019607 0.0078431372549019607 4.6406073909407129e-310)
    (color-rgba 0.83471074380165289 0.83471074380165289 0.83471074380165289 1)
    (color-rgba 0.82111989507101313 0.63772255810083756 0.9049586776859504 1)
    (color-rgba 0.3233124410671695 0.55371900826446274 0.33647853062130056 1)
    (color-rgba 0.15686274509803921 0.28627450980392155 0.6705882352941176 1)
    (color-rgba 0.8901960784313725 0.8901960784313725 0.8901960784313725 4.6792947060339444e-310)
    (color-rgba 0.32156862745098042 0.55294117647058827 0.33725490196078434 4.6566312323758954e-310)
    (color-rgba 0.57099947788434502 0.022075544955349684 0.8223140495867769 1)
    (color-rgba 0.88842975206611574 0.88842975206611574 0.88842975206611574 1)
    (color-rgba 0.84297520661157022 0.84297520661157022 0.84297520661157022 1)
    (color-rgba 0.9049586776859504 0.9049586776859504 0.9049586776859504 1)
    (color-rgba 0.86363636363636365 0.86363636363636365 0.86363636363636365 1)
    (color-rgba 0.98431372549019602 0.98431372549019602 0.98431372549019602 4.6566312323758954e-310)
    (color-rgba 0.90588235294117647 0.90588235294117647 0.90588235294117647 4.6566312323758954e-310)
    (color-rgba 0.90909090909090906 0.90909090909090906 0.90909090909090906 1)
    (color-rgba 0.87450980392156863 0.87450980392156863 0.87450980392156863 4.6886630395755726e-310)
    (color-rgba 0.87603305785123964 0.87603305785123964 0.87603305785123964 1)
    (color-rgba 0.76446280991735538 0.76446280991735538 0.76446280991735538 1)
    (color-rgba 0.85882352941176465 0.85882352941176465 0.85882352941176465 4.6886630395755726e-310)
    (color-rgba 0.28235294117647058 0.2627450980392157 0.32941176470588235 6.9529249509234086e-310)
    (color-rgba 0.53755061290143658 0.6168333479256789 0.8801652892561983 1)
    (color-rgba 0.46274509803921571 0.45882352941176469 0.48627450980392156 1))

# end of colorrc
